left:  [ 2.41968457e-04 -1.65687487e-01  3.10494779e+02]
left:  [ 2.2244847e-04 -1.5438561e-01  3.0895651e+02]
left:  [ 1.86007044e-04 -1.12003163e-01  2.92943741e+02]
left:  [ 1.30513232e-04 -8.06249041e-02  2.88495939e+02]
left:  [ 1.20482203e-04 -8.64346164e-02  2.93246101e+02]
left:  [ 1.50426469e-04 -1.18323952e-01  3.02400366e+02]
left:  [ 2.20910211e-05 -5.42331717e-02  2.95858771e+02]
left:  [-3.77202480e-05 -2.26828309e-02  2.92785479e+02]
left:  [-1.26909281e-05 -4.68323960e-02  2.98840661e+02]
left:  [ 9.34151032e-05 -1.14629286e-01  3.10241062e+02]
left:  [ 1.89486638e-03 -1.05789915e+00  3.17234111e+02]
left:  [ 2.48680629e-03 -1.35444649e+00  3.53980110e+02]
left:  [ 2.32571905e-03 -1.29402574e+00  3.53141093e+02]
left:  [ 1.61661137e-03 -9.93684409e-01  3.30007586e+02]
left:  [ 5.30023016e-04 -4.77525201e-01  3.96604279e+02]
left:  [ 5.25890754e-04 -4.87032316e-01  4.02419131e+02]
left:  [ 2.09841779e-03 -1.28640384e+00  3.79572017e+02]
left:  [ 2.56975867e-03 -1.49898435e+00  3.98508079e+02]
left:  [ 2.33675092e-03 -1.40439330e+00  3.92396624e+02]
left:  [ 2.16087973e-03 -1.35783930e+00  4.00050770e+02]
left:  [ 2.08558686e-03 -1.35338602e+00  4.08525443e+02]
left:  [ 1.93528878e-03 -1.28890225e+00  4.04266126e+02]
left:  [ 2.00030732e-03 -1.34782699e+00  4.18623415e+02]
left:  [ 2.22136821e-03 -1.48807537e+00  4.42890412e+02]
left:  [ 2.26835655e-03 -1.53222009e+00  4.53708877e+02]
left:  [ 3.07191631e-03 -2.28293543e+00  7.33326793e+02]
left:  [ 3.61920248e-03 -2.66623100e+00  8.02642101e+02]
left:  [ 3.95218431e-03 -2.90227204e+00  8.44553071e+02]
left:  [ 3.09754663e-03 -2.05935435e+00  5.37027993e+02]
left:  [ 3.13714140e-03 -2.09856204e+00  5.45639806e+02]
left:  [ 3.16738377e-03 -2.14368432e+00  5.60380865e+02]
left:  [ 3.20020309e-03 -2.20284525e+00  5.81290505e+02]
left:  [ 3.20946995e-03 -2.25998143e+00  6.03517665e+02]
left:  [ 3.23323774e-03 -2.31177353e+00  6.19478433e+02]
left:  [ 3.13332566e-03 -2.28465828e+00  6.22137967e+02]
left:  [ 3.27236762e-03 -2.39914524e+00  6.48377030e+02]
left:  [ 3.41104142e-03 -2.49313562e+00  6.64345440e+02]
left:  [ 6.18759371e-03 -4.80023364e+00  1.25870568e+03]
left:  [ 6.89078604e-03 -5.33606095e+00  1.36285411e+03]
left:  [ 6.79465514e-03 -5.33603211e+00  1.37788545e+03]
left:  [ 7.48532218e-03 -5.87484290e+00  1.48384902e+03]
left:  [ 6.83422296e-03 -5.55955747e+00  1.46501760e+03]
left:  [ 7.40222002e-03 -6.07067170e+00  1.58193388e+03]
left:  [ 7.74128307e-03 -6.42028920e+00  1.66929602e+03]
left:  [ 9.56733684e-03 -7.80257041e+00  1.94267225e+03]
left:  [-6.59955844e-03  3.71317782e+00 -9.02363688e+01]
left:  [-6.40227210e-03  3.47244191e+00 -2.64238420e+01]
left:  [-5.49943057e-03  2.89631979e+00  6.69014381e+01]
left:  [ 4.51463313e-03 -3.58365683e+00  9.30163697e+02]
left:  [-4.84408741e-03  2.43124875e+00  1.53210473e+02]
left:  [-5.95169799e-03  3.14150330e+00  4.86370751e+01]
left:  [ 4.64663538e-03 -3.77629258e+00  9.87282979e+02]
left:  [-3.17787614e-03  1.71337250e+00  2.05343968e+02]
left:  [ 5.33065826e-03 -4.27167405e+00  1.08366366e+03]
left:  [-6.07842847e-03  2.26843867e+00 -7.34049174e+01]
left:  [ 4.83239363e-03 -4.03078454e+00  1.06901969e+03]
left:  [ 2.44667425e-04 -5.45130381e-01  2.46742131e+02]
left:  [-0.00476334  1.7059492  -3.27280904]
left:  [-5.33975461e-03  1.99687296e+00 -3.76973343e+01]
left:  [-3.78191449e-03  1.28652498e+00  4.99331456e+01]
